267
266
264
265
263
262
261
260
259
258
257
256
255
254
253
252
207
206
213
210
209
208
251
250
249
248
247
278
277
276
3
2
279
0
1
241
242
240
243
246
245
244
239
238
237
230
236
235
234
233
232
231
229
228
227
226
225
224
223
222
221
220
219
218
217
216
215
214
212
211
205
204
203
202
201
199
200
198
197
196
195
194
193
192
191
190
189
188
187
186
185
184
183
182
161
162
163
164
165
166
167
171
170
172
169
168
100
99
98
97
92
93
96
95
94
78
77
76
74
75
73
72
71
70
69
66
67
68
57
58
43
56
55
54
44
45
46
53
52
51
50
49
48
47
37
36
35
33
34
38
39
40
42
41
59
60
117
116
61
62
63
64
65
84
85
115
114
113
112
86
83
82
87
111
110
109
107
108
88
80
81
79
89
90
91
101
102
103
104
105
106
173
160
174
159
158
157
156
118
119
120
121
122
123
124
32
31
30
29
125
126
28
27
26
25
21
24
22
23
13
14
12
11
10
9
8
7
6
4
5
275
274
273
272
271
270
15
16
17
132
131
18
19
130
129
20
127
128
153
154
152
155
151
150
176
175
180
181
179
178
177
149
148
138
147
146
145
144
143
142
141
140
139
137
136
135
134
133
269
268
267
