2653
2619
2427
2501
2496
2401
2383
2345
2438
2378
2432
2359
2352
2384
2424
2476
2542
2515
2594
2493
2510
2583
2607
2672
2656
2729
2822
2826
2828
2886
2969
2898
2899
2868
2928
3002
3069
3127
3156
3193
3258
3254
3161
3073
3077
3028
2994
2954
3063
3105
3155
3275
3205
3263
3308
3508
3556
3490
3449
3376
3333
3278
3246
3134
3137
3103
3120
3115
3044
3029
2990
2921
2902
2900
2858
2829
2809
2773
2706
2703
2771
2677
2691
2629
2519
2480
2420
2364
2365
2392
2433
2512
2556
2530
2640
2588
2522
2546
2502
2451
2477
2472
2540
2544
2601
2647
2646
2611
2524
2468
2506
2412
2356
2233
2306
2375
2395
2386
2337
2284
2280
2314
2275
2184
2183
2189
2229
2297
2351
2330
2324
2408
2421
2481
2557
2598
2617
2581
2733
2731
2795
2657
2608
2491
2525
2453
2410
2367
2298
2357
2230
2160
2109
2193
2139
2171
2170
2096
2047
1952
1982
2009
2033
2055
1999
1925
1874
1785
1715
1661
1711
1668
1683
1630
1559
1516
1620
1716
1713
1644
1657
1708
1769
1818
1889
1928
1939
1984
1885
1848
1780
1671
1700
1649
1610
1531
1590
1587
1558
1695
1658
1542
1411
1370
1343
1305
1230
1144
1102
810
984
812
713
624
701
662
627
518
573
1040
952
929
884
1043
753
735
940
958
780
629
654
667
623
593
649
696
755
699
762
746
783
690
695
607
599
570
684
644
660
610
531
545
516
576
568
504
522
480
443
460
417
532
473
566
555
508
588
600
567
801
797
720
863
775
818
612
705
580
551
491
451
405
464
433
462
402
386
332
364
281
260
228
258
276
326
385
407
383
348
317
353
362
413
483
452
481
430
431
343
303
286
323
357
358
423
468
379
414
440
540
630
685
669
594
619
529
530
442
399
437
510
538
634
664
693
772
791
816
835
841
906
888
854
771
740
675
602
541
495
533
549
502
583
625
609
661
742
733
823
767
784
708
674
601
574
527
493
444
465
454
496
558
618
680
728
786
761
789
870
907
942
1002
1001
1063
1173
1214
1215
1163
1166
1086
1006
935
914
858
794
766
671
581
569
571
509
457
513
591
622
577
636
632
697
700
592
645
788
871
806
840
862
903
923
1010
1000
1082
1119
1143
1100
1070
1113
1089
1039
959
689
833
765
990
1022
932
754
704
467
428
361
408
335
382
404
463
497
557
778
1076
1105
941
891
867
1013
1091
1137
1141
1250
1309
1390
1355
1318
1271
1364
1389
1349
1246
1346
1449
1429
1521
1539
1510
1475
1463
1402
1268
1294
1322
1362
1448
1492
1508
1454
1435
1388
1345
1354
1335
1315
1273
1321
1328
1348
1233
1283
1310
1357
1320
1269
1369
1405
1446
1487
1494
1549
1626
1704
1813
1980
2028
2102
2044
2057
2014
2075
2113
2182
2089
2066
2027
1923
1931
2022
2122
2140
2094
2058
1944
1878
1839
1808
1815
1854
1943
1877
1899
1863
1793
1699
1606
1645
1694
1730
1726
1640
1555
1477
1496
1431
1611
1627
1682
1584
1572
1624
1574
1598
1563
1520
1467
1447
1404
1481
1557
1541
1578
1655
1767
1850
1901
1894
1919
1945
2019
2011
2029
2052
2085
2143
2098
1972
1978
1845
1864
1861
1804
1803
1890
1966
2016
1987
2053
1955
1886
1745
1727
1652
1594
1650
1738
1809
1867
1908
2007
2087
2082
2142
2226
2296
2276
2194
2247
2309
2303
2338
2319
2259
2281
2366
2397
2402
2503
2499
2576
2579
2603
2489
2434
2460
2497
2478
2570
2610
2613
2483
2415
2376
2360
2190
2110
2072
2154
2196
2221
2212
2291
2396
2441
2463
2538
2599
2568
2565
2636
2634
2632
2676
2755
2750
2797
2796
2764
2819
2834
2872
2801
2768
2722
2654
2633
2561
2595
2537
2551
2625
2679
2684
2775
2724
2798
2881
2854
2917
2931
2912
2759
2806
2823
2777
2851
2832
2740
2638
2734
2692
2628
2589
2469
2325
2251
2217
2199
2155
2111
2133
2115
2206
2144
2260
2332
2277
2237
2130
2030
2099
2261
2339
2394
2440
2474
2446
2425
2518
2614
2596
2641
2585
2511
2454
2504
2605
2639
2655
2580
2533
2574
2712
2765
2877
2744
2642
2590
2552
2461
2494
2435
2372
2310
2346
2419
2464
2335
2257
2241
2167
2195
2176
2103
2112
2114
2040
2045
1949
1912
1936
1831
1810
1843
1701
1648
1697
1773
1784
1728
1685
1739
1794
1825
1896
1903
1692
1675
1753
1733
1681
1595
1577
1503
1452
1456
1329
1242
1201
1220
1222
1338
1332
1458
1442
1515
1486
1424
1409
1352
1455
1566
1637
1635
1616
1678
1691
1731
1771
1857
1789
1760
1684
1672
1551
1471
1439
1478
1528
1646
1602
1569
1770
1856
1967
1924
1998
1902
2010
2088
2025
2039
2015
1929
1842
1723
1833
1946
2117
2136
2107
2083
2038
2048
1838
1754
1756
1759
1907
1933
1869
1961
1962
2017
1970
1892
1855
1819
1783
1786
1735
1674
1706
1798
1741
1592
1579
1536
1436
1374
1441
1336
1284
1219
1205
1237
1213
1241
1274
1323
1325
1422
1485
1546
1608
1621
1568
1523
1432
1426
1337
1341
1295
1306
1192
1189
1255
1186
1249
1287
1311
1385
1488
1575
1588
1482
1380
1292
1251
1232
1276
1199
1054
997
1132
1206
1146
1098
1142
1067
895
982
1031
1011
1007
971
904
920
949
856
945
960
924
836
878
877
994
1074
1056
1094
1019
1068
1051
1129
1127
1175
1275
1302
1209
1154
1167
1202
1252
1264
1240
1123
1045
1018
1059
1117
1187
1288
1360
1303
1342
1347
1308
1372
1333
1391
1395
1499
1573
1618
1556
1479
1495
1540
1600
1709
1743
1781
1922
1918
1941
1968
1930
2023
1909
1846
1926
1995
1956
2100
2059
2056
2162
2137
2248
2287
2353
2399
2292
2307
2249
2213
2116
2224
2207
2178
2127
2049
2060
1950
1942
1906
1778
1633
1550
1450
1500
1465
1440
1498
1625
1698
1807
1787
1750
1816
1882
1742
1879
1940
1920
2024
1973
1957
2005
2069
2146
2177
2243
2172
2141
2078
2073
2134
2128
2267
2252
2197
2254
2315
2258
2317
2320
2340
2377
2404
2492
2470
2553
2591
2539
2465
2486
2429
2457
2379
2328
2282
2227
2369
2442
2500
2549
2602
2562
2513
2597
2550
2490
2547
2670
2710
2664
2736
2689
2673
2725
2855
2880
2817
2756
2695
2719
2582
2534
2560
2447
2514
2558
2523
2644
2698
2716
2713
2856
2897
2967
3000
3053
2986
2951
2975
3114
3252
3337
3303
3242
3220
3185
3048
2888
2808
2814
2818
2835
2894
2941
2999
2947
3036
3091
3141
3171
3281
3374
3375
3419
3400
3356
3352
3335
3300
3176
3145
3160
3078
2937
2840
2923
2863
3015
3011
2995
3018
2929
2970
2861
3046
3027
3162
3228
3286
3373
3448
3418
3380
3361
3200
3151
3154
3108
3031
2940
2887
2807
2810
2852
2793
2824
2751
2648
2697
2701
2827
2922
2919
2905
2949
2933
3039
3042
2939
2993
3047
3122
3181
3167
3153
3066
3072
3023
3098
3080
3121
3164
3245
3331
3388
3412
3392
3465
3581
3535
3547
3429
3425
3480
3536
3522
3486
3483
3605
3678
3712
3654
3671
3609
3552
3447
3435
3452
3510
3426
3344
3248
3393
3446
3399
3358
3305
3197
3191
3234
3223
3216
3338
3336
3256
3194
3113
3173
3237
3314
3389
3427
3458
3502
3560
3532
3494
3589
3638
3679
3735
3766
3832
3847
3870
3793
3837
3906
3904
3900
3822
3694
3780
3779
3765
3705
3644
3630
3586
3637
3620
3677
3772
3916
3984
3991
3976
3877
3835
3791
3747
3701
3737
3709
3754
3743
3697
3686
3764
3817
3760
3785
3814
3872
3941
4024
4042
3983
3960
3890
3907
3947
3937
3874
3876
3913
3855
3871
3931
3989
4014
4050
3943
4001
4028
4019
4006
4068
4051
4104
4108
4110
4080
4121
4101
4151
4138
4047
4048
3993
3968
4040
4074
4067
4000
3926
3819
3912
3933
3844
3788
3782
3770
3732
3715
3594
3607
3656
3617
3568
3541
3531
3491
3565
3601
3590
3540
3453
3423
3379
3420
3396
3315
3298
3287
3199
3130
3097
3045
3126
3086
3051
2943
2992
2974
3008
3021
3110
3064
3106
3152
3207
3203
3175
3195
3236
3087
3118
3213
3238
3255
3215
3163
3239
3292
3362
3384
3398
3323
3273
3320
3349
3405
3468
3478
3509
3451
3440
3462
3485
3476
3445
3370
3295
3299
3241
3312
3309
3366
3439
3493
3467
3611
3662
3724
3700
3688
3746
3804
3824
3797
3796
3726
3731
3682
3639
3625
3550
3529
3604
3634
3631
3650
3740
3608
3534
3549
3544
3574
3588
3632
3598
3553
3507
3417
3351
3334
3270
3190
3260
3304
3340
3424
3443
3293
3247
3210
3187
3183
3123
3052
3059
3007
3132
3196
3112
3208
3107
3065
3014
2960
2889
2876
2977
2904
2884
2783
2700
2743
2791
2788
2799
2802
2735
2693
2694
2650
2737
2893
2918
2964
2998
3012
2956
3055
3090
3071
3111
2985
2883
2910
2955
2959
3003
3022
3041
2976
3101
3082
3050
2981
2945
2914
2896
2903
2842
2762
2813
2850
2853
2901
3005
3058
3128
3109
3169
3233
3250
3296
3343
3442
3501
3505
3464
3479
3567
3616
3629
3597
3595
3580
3718
3762
3749
3722
3768
3807
3723
3758
3672
3655
3573
3558
3498
3473
3472
3409
3421
3436
3416
3322
3319
3240
3180
3144
3148
3038
2989
3060
2991
2980
2871
2843
2805
2812
2742
2682
2671
2748
2730
2752
2781
2792
2821
2916
2944
2948
2950
2869
2841
2772
2678
2718
2669
2707
2741
2774
2892
2930
2966
3006
3074
3057
3129
3179
3219
3259
3226
3297
3251
3174
3189
3089
3054
3104
3085
3150
3166
3264
3279
3313
3342
3341
3441
3401
3326
3269
3521
3516
3661
3663
3739
3711
3636
3592
3514
3533
3519
3471
3512
3603
3653
3652
3585
3563
3624
3660
3720
3704
3751
3790
3787
3830
3852
3861
3858
3899
3935
3892
3863
3884
3821
3810
3800
3786
3730
3676
3664
3725
3750
3778
3808
3903
3867
3845
3828
3805
3816
3827
3850
3885
3917
3973
4036
3966
3936
3939
3972
3958
3930
3963
4035
4018
3992
3997
4049
4093
4060
4129
4191
4212
4213
4254
4296
4304
4292
4270
4276
4274
4240
4225
4164
4152
4201
4167
4189
4154
4118
4079
4023
4073
4102
4113
4085
4057
3978
3950
3893
3843
3866
3879
3834
3767
3738
3647
3584
3564
3613
3569
3527
3524
3504
3489
3431
3434
3395
3348
3318
3327
3291
3329
3385
3357
3466
3469
3497
3499
3546
3643
3591
3703
3670
3665
3633
3781
3833
3875
3774
3839
3838
3799
3757
3695
3708
3706
3689
3734
3745
3775
3840
3795
3813
3848
3898
3924
3915
3986
4032
3981
3951
3918
3946
3990
3987
3982
3970
4030
4076
4114
4087
4066
4046
4089
4128
4163
4150
4158
4193
4207
4196
4237
4272
4244
4262
4232
4233
4159
4275
4194
4170
4184
4124
4095
4127
4174
4197
4206
4210
4211
4220
4204
4195
4166
4178
4157
4133
4123
4069
4034
4056
4084
4075
4041
4012
3938
3953
3921
3957
3985
3975
3932
3952
3995
4039
4091
4117
4147
4126
4130
4131
4098
4136
4081
4064
4027
3979
3940
3902
3849
3925
3929
4003
4004
3965
3949
3977
4037
4078
4107
4120
4132
4100
4143
4181
4199
4176
4205
4188
4209
4231
4239
4243
4260
4313
4299
4289
4303
4246
4281
4279
4277
4295
4346
4300
4322
4333
4329
4317
4330
4334
4365
4381
4377
4336
4354
4348
4325
4302
4324
4343
4351
4341
4379
4364
4335
4306
4310
4286
4252
4229
4224
4245
4273
4256
4219
4221
4235
4269
4309
4307
4367
4390
4402
4375
4362
4349
4305
4291
4311
4355
4345
4321
4298
4278
4259
4271
4238
4223
4187
4162
4190
4105
4137
4094
4062
4038
4010
3980
4026
4065
4083
4134
4142
4116
4045
4013
3962
3829
3763
3719
3753
3792
3846
3869
3897
3923
3999
4054
4015
3988
3928
3860
3883
3887
3948
3961
4007
4044
4086
4135
4177
4161
4172
4148
4173
4140
4146
4092
4070
4071
4097
4099
4156
4122
4115
4145
4168
4183
4109
4125
4090
4088
4058
4016
4033
4002
3971
3955
4043
4011
4022
3969
3911
3878
3868
3880
3927
3945
3873
3841
3909
3896
3910
4009
4020
4021
4072
4119
4175
4155
4185
4198
4179
4165
4141
4112
4103
4082
4029
3998
3954
3901
3942
3959
3974
4031
4053
4052
4059
4017
4008
3967
3996
4025
4077
4096
4139
4106
4144
4160
4153
4182
4202
4200
4215
4248
4265
4371
4387
4370
4382
4391
4405
4406
4407
4414
4395
4422
4419
4416
4393
4408
4394
4428
4420
4426
4439
4432
4442
4448
4444
4451
4441
4430
4423
4429
4424
4412
4404
4386
4389
4380
4372
4363
4357
4344
4328
4312
4287
4241
4236
4227
4218
4180
4216
4208
4192
4222
4230
4251
4268
4228
4217
4226
4249
4290
4285
4293
4258
4253
4280
4255
4247
4266
4282
4283
4267
4284
4297
4319
4331
4327
4323
4356
4360
4385
4396
4397
4415
4418
4435
4445
4446
4436
4443
4455
4457
4456
4447
4438
4431
4437
4458
4459
4460
4454
4449
4453
4452
4450
4434
4413
4417
4425
4433
4427
4440
4411
4401
4409
4421
4410
4403
4376
4366
4358
4340
4337
4347
4374
4369
4352
4332
4320
4318
4315
4314
4350
4361
4373
4388
4378
4383
4338
4353
4294
4316
4326
4342
4368
4400
4399
4398
4384
4392
4359
4339
4308
4301
4288
4264
4250
4169
4171
4203
4234
4257
4242
4261
4263
4214
4186
4149
4111
4063
4061
3994
3934
3894
3891
3888
3851
3811
3857
3905
3914
3864
3842
3761
3812
3889
3919
3944
3964
4005
4055
3956
3920
3865
3836
3777
3831
3853
3803
3744
3714
3759
3702
3669
3692
3627
3548
3623
3572
3513
3457
3383
3365
3411
3391
3526
3599
3587
3635
3681
3622
3717
3690
3646
3596
3506
3538
3557
3615
3649
3707
3784
3729
3680
3685
3641
3593
3575
3543
3484
3562
3503
3525
3492
3450
3360
3353
3403
3414
3345
3387
3364
3422
3496
3433
3487
3475
3461
3408
3355
3394
3317
3271
3214
3117
3227
3136
3182
3084
3244
3186
3277
3265
3369
3347
3354
3302
3325
3290
3222
3267
3276
3284
3209
3198
3147
3076
3043
3081
3010
2908
2909
2924
3017
2963
2932
2879
2833
2847
2770
2767
2780
2837
2859
2935
3004
3096
3088
3102
3030
2997
2926
2874
2864
2815
2761
2709
2711
2645
2587
2584
2521
2509
2409
2331
2336
2223
2187
2121
2097
2300
2043
2077
1904
1976
1979
2061
2129
2035
1989
1963
1849
1914
1830
1797
1763
1693
1583
1509
1507
1470
1428
1397
1296
1197
1261
1194
1122
1125
1034
1066
1093
1140
1152
1136
1168
1225
1190
1291
1290
1403
1419
1394
1461
1483
1502
1564
1673
1612
1651
1665
1591
1529
1605
1662
1643
1714
1737
1828
1898
1876
1836
1822
1801
1883
1689
1688
1722
1766
1758
1795
1971
2084
2067
2101
2147
2071
2034
2054
1997
1935
1916
1937
2001
2036
2150
2215
2210
2279
2268
2232
2201
2151
2219
2253
2106
2180
2068
2126
2125
2156
2202
2152
2216
2295
2313
2327
2302
2374
2467
2388
2350
2220
2157
2204
2208
2211
2135
2021
2037
1964
1917
1853
1732
1768
1690
1656
1613
1567
1604
1619
1607
1544
1609
1647
1734
1824
1893
1948
2003
1991
1983
2000
1938
1884
1881
1812
1873
1820
1776
1749
1724
1703
1632
1562
1518
1533
1501
1462
1497
1416
1413
1244
1180
1208
1153
1253
1359
1353
1396
1367
1368
1410
1437
1554
1580
1639
1660
1617
1623
1560
1537
1565
1570
1525
1504
1434
1493
1407
1484
1514
1444
1382
1324
1270
1258
1226
1301
1377
1330
1327
1304
1272
1191
1155
1042
1055
1038
1035
1111
1099
1083
1095
1120
1156
1178
1228
1223
1204
1150
1106
1079
981
1003
978
908
973
1024
1182
1211
1058
966
963
956
917
893
993
1008
1053
1036
1047
1118
890
999
1062
1121
1157
1259
1262
1195
1097
1112
1134
1188
1239
1229
1108
1245
1181
1101
1071
1005
1021
968
1015
961
883
926
843
814
717
688
724
707
752
839
855
866
845
860
938
899
865
805
809
719
749
782
829
847
919
934
911
948
988
970
974
957
882
879
819
759
822
790
913
944
1032
1020
1069
1109
1247
1198
1236
1183
1170
1103
1073
1037
992
933
902
834
828
764
722
706
769
711
653
590
512
459
398
377
351
322
325
375
426
439
485
503
539
482
521
565
643
621
578
547
606
665
739
694
651
672
648
668
639
611
587
477
381
435
371
346
283
285
288
267
271
293
308
329
354
388
356
461
562
564
523
501
450
406
374
313
301
339
344
489
456
384
319
299
312
277
248
243
226
201
169
171
155
120
141
157
176
179
188
189
173
166
182
190
210
236
209
220
240
244
195
162
163
145
170
158
150
149
133
135
125
104
122
97
84
67
57
78
87
98
117
110
127
111
94
71
49
24
22
36
37
15
0
4
3
12
9
11
6
13
33
34
40
52
46
60
82
102
121
103
107
74
79
93
109
80
76
95
119
129
143
148
151
153
160
159
185
213
227
224
212
235
246
247
337
336
318
310
284
264
262
215
216
241
217
206
203
187
225
259
290
257
223
219
193
156
154
152
191
164
165
181
204
222
256
298
266
263
306
327
352
331
390
370
422
466
445
401
396
360
324
292
270
275
311
334
273
245
233
221
272
251
291
314
350
397
438
416
429
365
316
345
368
391
476
595
515
560
528
492
586
552
525
470
394
449
546
563
628
650
681
703
748
744
732
656
658
589
575
633
726
750
781
745
683
647
596
659
808
853
881
977
965
930
850
898
916
969
987
1017
1078
1096
1162
1243
1265
1344
1373
1331
1286
1221
1087
1050
1052
998
905
910
758
825
894
986
897
927
901
800
804
842
887
909
892
874
846
777
824
1107
953
972
976
925
864
851
803
741
635
605
584
631
692
736
718
641
655
616
544
553
652
677
731
709
738
796
751
763
723
682
626
582
500
447
487
474
514
494
519
561
524
507
526
543
488
415
412
455
425
376
347
338
342
295
309
330
380
393
392
479
490
424
395
411
341
307
280
294
278
239
253
265
269
237
238
230
194
184
200
183
207
211
199
198
174
197
180
142
134
47
61
66
77
86
90
106
124
114
101
113
140
118
105
88
75
59
70
58
56
68
92
126
115
83
62
72
35
23
41
31
20
8
17
21
43
32
45
39
25
19
28
14
30
38
53
64
69
65
81
100
99
136
132
144
137
128
112
89
96
73
55
63
48
27
26
44
51
50
42
18
16
7
5
1
10
2
29
54
85
91
108
123
130
131
147
146
139
177
196
205
167
178
168
116
138
175
161
172
186
202
231
232
234
254
274
320
287
304
349
372
409
471
453
389
387
367
333
297
328
296
261
249
229
208
192
218
242
255
214
252
250
282
279
315
305
410
359
355
366
419
420
403
434
448
469
484
537
499
520
517
579
620
642
670
716
889
827
821
757
712
666
615
604
585
554
511
458
472
505
535
550
687
691
768
793
815
776
734
721
640
714
760
807
885
962
946
950
872
896
936
848
852
922
939
979
1012
1009
1029
1026
1033
1065
1060
1139
1158
1124
1149
1234
1289
1090
1151
1193
1224
1340
1423
1406
1381
1319
1459
1460
1378
1300
1399
1412
1433
1468
1427
1408
1363
1326
1277
1212
1174
1169
1130
1088
1048
1046
1044
980
947
928
886
787
838
880
937
875
832
813
743
730
638
608
679
710
727
799
849
955
996
1028
1072
1115
1145
1147
1218
1165
1185
1207
1235
1285
1314
1317
1358
1800
1631
1852
1871
1921
1834
1752
1915
1868
1911
1975
1841
1954
1960
2013
2008
2006
2046
2065
2175
2242
2349
2278
2290
2343
2289
2272
2239
2186
2149
2080
2120
2174
2321
2371
2373
2301
2246
2271
2274
2238
2163
2166
2168
2169
2095
1969
2179
2132
2165
2074
2093
2042
2020
2119
2185
2256
2294
2312
2273
2270
2250
2231
2262
2266
2342
2358
2389
2348
2423
2462
2516
2577
2543
2545
2618
2666
2662
2660
2727
2687
2747
2763
2857
2779
2754
2758
2784
2831
2846
2786
2686
2708
2571
2572
2575
2616
2659
2715
2790
2839
2782
2825
2882
2987
2972
3026
3100
3095
3092
3068
3062
2996
2979
2915
2878
2873
2870
2862
2973
2968
3037
3119
3177
3253
3225
3188
3142
3056
3033
3204
3230
3311
3294
3268
3316
3407
3438
3456
3428
3402
3363
3310
3339
3382
3321
3274
3262
3221
3138
3206
3249
3283
3301
3346
3406
3415
3397
3482
3566
3551
3515
3561
3578
3559
3495
3555
3614
3648
3626
3668
3699
3642
3658
3619
3579
3583
3518
3537
3488
3404
3372
3368
3367
3463
3500
3528
3571
3610
3674
3728
3742
3798
3769
3826
3773
3733
3748
3789
3794
3820
3802
3815
3783
3727
3710
3667
3675
3657
3684
3716
3683
3645
3776
3693
3651
3612
3602
3570
3530
3577
3545
3606
3640
3698
3713
3673
3666
3755
3756
3801
3882
3908
3886
3818
3736
3806
3752
3741
3691
3628
3600
3554
3523
3582
3659
3687
3721
3854
3895
3922
3856
3881
3859
3809
3823
3862
3825
3771
3696
3618
3621
3576
3542
3511
3481
3437
3454
3410
3470
3477
3517
3520
3539
3432
3390
3282
3288
3377
3243
3201
3149
3135
3125
2988
3035
2983
3061
3016
2726
2776
2787
2811
2769
2757
2739
2680
2699
2631
2620
2704
2658
2529
2554
2507
2586
2566
2563
2615
2674
2778
2728
2971
2934
2982
2961
2913
2890
2845
2865
2836
2820
2906
2952
2957
2844
2925
3001
3009
3024
3075
3158
3211
3224
3143
3093
3034
3067
3049
3083
3133
3131
3099
3217
3229
3184
3165
3231
3266
3328
3306
3324
3359
3378
3350
3272
3257
3212
3139
3168
3235
3280
3332
3371
3413
3444
3474
3430
3459
3460
3455
3381
3289
3307
3386
3330
3261
3232
3202
3178
3159
3157
3146
3116
3124
3013
2885
2938
2911
2942
2895
2749
2690
2714
2753
2785
2745
2683
2536
2593
2526
2604
2637
2649
2665
2651
2681
2696
2559
2532
2548
2498
2443
2452
2484
2505
2466
2436
2405
2418
2316
2333
2387
2422
2482
2428
2430
2403
2355
2285
2341
2304
2363
2393
2385
2398
2293
2236
2181
2235
2263
2264
2228
2222
2079
2050
2091
2105
2164
2198
2138
2118
2123
2124
2203
2286
2234
2214
2218
2161
2104
1951
1897
1805
1790
1751
1659
1603
1601
1511
1505
1414
1443
1418
1401
1350
1298
1312
1238
1203
1148
1126
1160
967
983
1014
1061
1080
1092
1135
1171
1256
1257
1263
1280
1216
1307
1371
1365
1361
1254
1128
1164
1110
1114
1116
1077
975
1025
991
954
921
869
912
918
859
857
826
779
817
795
837
861
900
868
943
931
873
831
830
844
811
729
756
785
676
698
657
617
556
441
400
363
340
302
289
268
300
321
369
373
378
427
436
421
446
478
418
432
475
559
498
534
536
506
486
542
572
603
548
637
613
614
598
597
663
673
678
715
646
725
686
702
773
774
802
820
770
798
737
747
792
876
915
964
1004
1064
1085
1138
1179
1161
1231
1297
1266
1282
1299
1351
1334
1356
1464
1489
1453
1561
1596
1669
1545
1663
1717
1736
1774
1712
1677
1641
1614
1653
1705
1779
1721
1666
1593
1522
1553
1512
1438
1386
1430
1490
1534
1532
1530
1526
1472
1506
1543
1615
1642
1747
1696
1679
1718
1791
1859
1840
1905
2062
2063
1910
1958
1993
1799
1746
1821
1826
1827
1865
1796
1686
1740
1761
1764
1707
1729
1832
1851
1837
1875
1947
1988
2031
1932
1974
2086
2158
2076
2092
2018
1965
2012
1927
1887
1847
1880
1977
2026
2081
2255
2311
2308
2192
2188
2245
2288
2322
2354
2299
2334
2382
2406
2362
2380
2458
2437
2487
2528
2495
2479
2444
2449
2411
2391
2431
2569
2668
2720
2830
2838
2907
3025
3094
3020
3032
2965
2849
2789
2746
2685
2622
2592
2527
2471
2416
2344
2347
2368
2390
2244
2225
2240
2153
2173
2205
2191
2265
2305
2269
2326
2209
2148
2131
2090
2002
2041
2108
2070
1985
1870
1913
1994
2064
1990
1953
1866
1823
1891
1895
1755
1719
1762
1687
1670
1597
1599
1628
1622
1589
1548
1517
1466
1420
1383
1339
1313
1267
1248
1281
1366
1387
1384
1421
1451
1491
1535
1538
1473
1415
1392
1476
1527
1582
1676
1638
1634
1765
1862
1829
1900
1814
1782
1744
1710
1772
1858
1802
1817
1934
1986
1996
1959
1981
1992
1777
1720
1664
1680
1585
1552
1524
1474
1375
1379
1316
1293
1260
1279
1196
1176
1133
1084
1027
1023
989
951
985
1049
995
1075
1104
1030
1041
1081
1184
1210
1200
1217
1159
1016
1131
1057
1177
1172
1227
1398
1278
1469
1425
1445
1393
1376
1400
1457
1417
1480
1513
1581
1586
1571
1629
1576
1547
1519
1636
1654
1667
1757
1792
1775
1860
1888
2032
1844
1811
1702
1725
1748
1872
1835
1788
1806
2004
2051
2145
2159
2200
2283
2329
2407
2473
2417
2439
2455
2508
2555
2626
2609
2624
2621
2652
2702
2661
2630
2531
2541
2520
2488
2413
2450
2400
2445
2475
2459
2456
2414
2426
2448
2567
2517
2573
2485
2318
2370
2323
2361
2381
2612
2675
2667
2738
2803
2860
2920
2978
2936
3079
3218
3285
3192
3172
3140
3170
2984
2866
2867
2794
2766
2688
2623
2721
2760
2848
2875
2804
2953
2958
3040
3019
3070
2946
2962
2927
2891
2816
2800
2732
2717
2627
2643
2723
2705
2606
2635
2663
2578
2535
2600
2564
2653
