266
264
263
262
261
260
259
258
257
253
256
255
254
251
208
209
210
213
214
217
218
226
227
228
229
250
249
247
248
277
278
276
3
0
2
279
1
241
240
242
246
243
239
244
245
238
237
230
231
236
235
234
233
232
225
224
223
222
221
220
219
216
215
212
211
206
207
252
205
204
203
202
201
200
195
194
193
196
197
198
199
143
144
145
142
141
146
147
140
139
265
137
138
148
178
179
180
181
182
183
184
186
185
192
191
190
189
188
187
164
165
166
167
99
98
97
96
95
94
93
92
91
90
89
108
88
79
78
77
76
74
73
72
71
70
69
66
65
64
63
62
61
58
57
67
68
56
55
43
44
54
45
46
53
52
51
47
48
50
49
36
35
37
38
39
40
41
42
59
60
117
116
114
115
85
84
75
80
81
111
87
82
83
86
112
113
110
109
107
103
104
102
101
100
168
169
170
171
172
105
106
173
163
162
161
160
174
159
158
157
156
118
119
120
121
122
123
34
33
32
31
30
29
124
125
153
154
152
155
151
150
176
175
177
149
136
135
134
130
19
20
129
128
127
126
28
27
26
25
21
24
22
23
14
13
12
10
11
9
8
7
6
4
5
275
274
273
272
271
270
15
16
17
18
131
132
133
269
268
267
266
