94
95
96
97
98
100
99
167
166
165
187
188
189
190
192
191
193
194
195
196
197
200
201
199
198
144
145
146
141
142
143
202
203
204
205
206
211
210
213
212
215
214
217
216
219
220
218
221
222
223
224
225
226
227
228
232
234
233
235
236
237
238
231
230
245
244
239
240
241
242
243
246
247
249
248
250
229
209
208
207
252
251
254
253
255
256
257
258
259
260
261
262
263
264
265
266
136
135
267
268
134
133
269
132
131
18
17
16
15
270
271
272
273
274
275
276
3
278
277
2
279
1
0
5
4
6
7
8
9
10
11
12
13
14
23
22
24
21
25
26
27
28
125
126
127
20
19
130
129
128
153
154
152
155
151
137
139
140
147
138
148
149
177
150
176
175
178
179
180
181
182
183
184
185
186
164
163
162
161
160
174
159
158
157
156
118
119
120
121
122
123
124
29
30
31
32
33
35
34
37
36
49
50
51
52
48
38
39
40
41
42
59
60
117
61
58
43
44
45
46
47
53
54
55
56
57
62
63
64
65
66
67
68
69
70
71
72
84
85
115
114
116
113
112
86
83
73
74
75
76
77
92
91
90
89
103
102
101
168
169
170
171
172
173
106
105
104
107
108
109
110
111
87
82
81
88
80
78
79
93
94
