3918
3946
3951
3898
3924
3915
3986
4032
4057
4085
4113
4150
4193
4158
4159
4170
4194
4184
4124
4095
4127
4174
4197
4206
4246
4281
4303
4289
4317
4330
4329
4333
4322
4346
4279
4300
4295
4277
4275
4233
4232
4262
4272
4244
4207
4196
4163
4102
4073
3981
4023
4079
4128
4154
4189
4201
4167
4152
4118
4046
4089
4087
4114
4164
4225
4240
4237
4292
4270
4276
4274
4304
4296
4254
4213
4212
4191
4129
4049
3997
3970
3982
3987
3990
4066
4076
4030
4093
4060
4018
4035
3992
3963
3935
3892
3884
3863
3800
3786
3762
3718
3730
3676
3725
3664
3594
3607
3656
3732
3715
3750
3778
3808
3810
3821
3867
3845
3828
3805
3827
3816
3770
3782
3819
3788
3746
3688
3604
3634
3731
3700
3724
3662
3625
3611
3550
3476
3485
3462
3440
3451
3529
3509
3468
3405
3478
3650
3740
3824
3871
3844
3933
3968
3993
3912
3926
3885
3850
3917
3966
3936
3939
3903
3930
3958
3972
4036
3973
4067
4074
4000
4040
4047
4048
3931
3989
3943
4028
4001
4050
4014
4138
4151
4101
4121
4080
4110
4108
4019
4006
4068
4051
4104
3872
3941
3835
3791
3877
3747
3701
3737
3598
3553
3507
3417
3334
3351
3392
3465
3535
3429
3388
3412
3331
3270
3132
3123
3190
3208
3107
3065
3014
2977
3023
3072
3066
3167
3234
3248
3191
3153
3197
3098
3080
3121
3164
3245
3305
3358
3399
3480
3425
3586
3637
3620
3547
3581
3677
3772
3822
3780
3694
3779
3765
3705
3644
3630
3536
3522
3486
3446
3393
3344
3452
3435
3552
3609
3502
3560
3671
3712
3678
3654
3605
3483
3510
3336
3426
3338
3256
3361
3380
3458
3427
3389
3447
3314
3237
3173
3108
3154
3151
3200
3286
3228
3162
2970
3027
3046
3031
2940
2887
2861
2807
2810
2852
2933
2949
3039
2905
2922
2919
3042
3113
3194
3216
3223
3181
3122
3047
2993
2939
2904
2884
2960
2876
2889
2783
2788
2791
2799
2639
2743
2700
2655
2605
2585
2641
2693
2735
2694
2802
2737
2740
2832
2893
2851
2777
2823
2883
2955
2910
2912
2917
2931
2854
2798
2801
2881
3022
3003
3087
2959
3175
3041
3101
3082
3050
2981
2976
2872
2834
2768
2654
2722
2610
2613
2538
2599
2565
2568
2634
2632
2676
2636
2762
2813
2850
2943
2842
2755
2750
2797
2796
2764
2819
2903
2896
2914
2945
3021
3008
2974
3045
2992
3051
3086
3126
3109
3169
3128
3144
3148
3180
3240
3322
3269
3264
3166
3150
3104
3085
3054
3089
3057
3074
3115
3129
3174
3189
3226
3259
3318
3357
3291
3327
3219
3179
3120
3134
3137
3103
3029
3044
2990
3006
2902
2858
2900
2966
2930
2892
2774
2707
2741
2772
2841
2869
2950
2948
2916
2821
2944
2812
2805
2843
2871
2980
3060
2991
2989
3038
3058
3005
2901
2853
2795
2733
2731
2657
2608
2525
2491
2408
2324
2330
2351
2297
2356
2412
2421
2481
2557
2598
2617
2581
2506
2468
2524
2472
2477
2540
2544
2601
2647
2646
2611
2671
2682
2742
2748
2792
2730
2752
2781
2718
2678
2669
2640
2588
2522
2546
2502
2451
2386
2395
2375
2306
2229
2189
2233
2275
2314
2280
2284
2337
2392
2433
2512
2530
2703
2519
2420
2480
2365
2364
2350
2302
2374
2388
2467
2510
2583
2556
2629
2706
2773
2921
2829
2771
2809
2691
2677
2607
2493
2515
2476
2424
2384
2352
2295
2313
2327
2216
2211
2208
2204
2157
2220
2182
2113
2089
2066
2027
1931
1923
1815
1726
1730
1694
1640
1555
1606
1645
1699
1626
1704
1813
1863
1899
1877
1793
1854
1943
2014
2075
2057
2044
1980
2028
2102
2135
2152
2037
2021
1948
2003
1991
1983
1884
1881
1812
1824
1732
1656
1690
1768
1853
1917
1964
1893
1734
1647
1609
1632
1703
1724
1749
1639
1580
1562
1518
1533
1501
1462
1396
1368
1367
1410
1437
1554
1617
1660
1623
1560
1514
1444
1484
1407
1493
1344
1243
1265
1331
1373
1434
1504
1537
1565
1643
1689
1688
1722
1766
1801
1883
1795
1758
1776
1820
1873
1938
1971
2000
2151
2219
2318
2370
2401
2427
2485
2623
2573
2612
2688
2794
2766
2803
2738
2675
2667
2567
2584
2521
2587
2531
2541
2630
2661
2711
2645
2709
2761
2815
2864
2837
2935
3004
3096
3088
3209
3284
3353
3414
3403
3387
3364
3345
3276
3267
3222
3102
3030
2997
2926
2874
2978
2920
2860
2936
2867
2848
2866
2875
2958
2953
2800
2804
2717
2760
2721
2619
2653
2732
2627
2643
2600
2564
2501
2496
2383
2345
2253
2180
2068
2106
2126
2125
2156
2202
2359
2378
2438
2432
2535
2606
2635
2578
2542
2594
2656
2672
2729
2663
2705
2723
2816
2891
2927
2962
2946
3019
3070
3117
3040
3182
3136
3186
3079
2984
3084
3140
3170
3172
3192
3218
3277
3265
3244
3227
3214
3271
3317
3369
3285
3422
3290
3325
3302
3354
3347
3394
3391
3355
3461
3408
3526
3548
3513
3457
3411
3365
3275
3205
3155
3063
3105
3263
3308
3383
3258
3254
3193
3161
3077
3028
2994
2954
2886
2828
2826
2822
2898
2868
2899
2928
2969
3002
3069
3073
3127
3156
3246
3278
3329
3385
3333
3376
3449
3490
3546
3670
3643
3757
3799
3838
3767
3834
3866
3879
3921
3953
3938
3978
3950
3893
3843
3840
3813
3775
3745
3734
3636
3603
3592
3514
3512
3471
3441
3401
3326
3341
3342
3279
3313
3251
3297
3348
3395
3431
3434
3489
3504
3524
3519
3533
3584
3564
3689
3647
3738
3706
3708
3695
3613
3569
3527
3466
3469
3497
3499
3591
3703
3774
3839
3875
3833
3781
3849
3902
3925
3940
3979
4027
4064
4098
4131
4130
4126
4081
4039
3995
3952
3932
3975
3985
3957
4012
4041
4075
4084
4056
4034
4069
4091
4117
4147
4195
4204
4166
4123
4133
4157
4178
4210
4211
4220
4243
4299
4313
4336
4354
4334
4381
4365
4377
4379
4364
4335
4349
4367
4402
4390
4362
4345
4375
4392
4384
4398
4399
4400
4434
4450
4452
4453
4449
4454
4433
4425
4413
4417
4411
4388
4373
4369
4352
4332
4347
4337
4340
4358
4376
4366
4374
4401
4409
4410
4403
4396
4397
4385
4415
4418
4436
4443
4446
4445
4435
4438
4431
4437
4421
4427
4440
4460
4459
4458
4447
4456
4457
4455
4451
4441
4444
4442
4448
4439
4432
4422
4419
4416
4426
4428
4420
4408
4394
4393
4414
4407
4395
4387
4371
4370
4382
4357
4344
4328
4312
4287
4265
4248
4215
4175
4155
4198
4185
4183
4168
4180
4156
4099
4122
4058
4115
4145
4125
4109
4020
4009
3945
4016
4090
4088
4033
4002
4043
4011
3955
3971
3927
3880
3868
3878
3969
3911
3948
3961
3887
3988
4015
4054
4044
4007
4071
4022
4097
4148
4173
4172
4135
4161
4086
4070
4092
4146
4140
4192
4222
4251
4230
4253
4208
4216
4247
4218
4227
4236
4241
4267
4282
4283
4284
4297
4319
4331
4363
4386
4391
4405
4412
4406
4424
4429
4430
4423
4404
4389
4372
4380
4360
4356
4327
4323
4266
4255
4280
4320
4318
4315
4314
4350
4361
4383
4378
4338
4353
4368
4359
4355
4339
4326
4342
4316
4294
4242
4214
4261
4263
4249
4268
4290
4293
4285
4258
4228
4226
4217
4177
4186
4149
4111
4063
4061
3999
3994
4045
4116
4169
4171
4203
4234
4257
4250
4301
4288
4264
4278
4259
4308
4321
4311
4298
4271
4238
4235
4269
4291
4305
4309
4307
4306
4286
4310
4324
4343
4351
4341
4348
4325
4302
4260
4239
4231
4209
4188
4136
4107
4078
4120
4037
3977
4004
3929
4003
3965
3949
3853
3803
3759
3744
3714
3665
3633
3556
3508
3572
3623
3627
3702
3669
3692
3599
3587
3635
3622
3487
3475
3538
3557
3433
3506
3596
3681
3717
3812
3836
3831
3777
3865
3920
3956
3944
4005
3964
3919
3889
3842
3864
3761
3690
3646
3649
3615
3496
3543
3484
3503
3525
3571
3619
3674
3753
3763
3719
3680
3641
3575
3593
3562
3610
3685
3729
3707
3784
3811
3851
3905
3857
3980
3914
4026
4010
4038
4062
4055
4100
4132
4105
4137
4143
4176
4199
4224
4205
4252
4229
4273
4245
4256
4219
4181
4221
4190
4162
4187
4223
4142
4134
4083
4094
4065
4013
3962
3934
3894
3891
3888
3829
3846
3897
3923
3928
3883
3826
3769
3798
3860
3869
3792
3742
3728
3733
3773
3699
3748
3789
3794
3820
3815
3802
3841
3873
3909
3910
3896
3901
3954
4021
4072
4119
4082
4141
4165
4179
4200
4202
4153
4144
4112
4103
4160
4182
4139
4077
4096
4025
3996
3922
3895
3854
3908
3974
3967
4008
4017
4059
4106
4052
4053
4031
4029
3998
3959
3942
3886
3882
3756
3755
3693
3776
3716
3675
3783
3727
3710
3667
3614
3657
3684
3683
3645
3551
3566
3612
3651
3666
3673
3713
3698
3801
3818
3806
3809
3859
3856
3881
3862
3823
3825
3771
3696
3741
3752
3691
3721
3736
3687
3640
3659
3545
3577
3606
3602
3570
3530
3455
3460
3459
3474
3523
3481
3554
3582
3628
3600
3618
3621
3576
3511
3542
3470
3477
3517
3520
3539
3432
3390
3282
3377
3288
3243
3201
3149
3135
3125
3035
2988
2983
3001
3016
3061
3009
2957
2925
2811
2844
2769
2757
2699
2680
2739
2787
2776
2726
2704
2658
2529
2554
2385
2398
2363
2393
2341
2304
2263
2264
2228
2158
2086
1974
1965
2018
2076
2092
2079
2222
2285
2355
2403
2387
2428
2430
2507
2586
2620
2631
2674
2615
2593
2536
2604
2637
2683
2745
2728
2778
2820
2836
2865
2913
2961
2982
3034
3067
2971
2934
2906
2952
3024
3075
3093
3158
3143
3211
3224
3231
3266
3328
3306
3359
3410
3454
3437
3378
3324
3350
3332
3371
3413
3444
3430
3330
3386
3289
3307
3381
3397
3406
3482
3415
3346
3283
3301
3178
3202
3261
3232
3280
3235
3212
3257
3272
3229
3217
3165
3184
3133
3049
3083
3099
3131
3094
3025
3020
2895
2942
2965
3032
3139
3168
3124
3013
2938
2911
2885
2882
2659
2572
2528
2458
2437
2380
2362
2342
2358
2389
2423
2348
2283
2200
2168
2166
2163
2238
2246
2175
2008
1960
2013
2095
2169
2159
2231
2262
2266
2250
2270
2273
2312
2294
2382
2406
2495
2479
2444
2449
2411
2391
2431
2416
2308
2311
2344
2347
2255
2153
2108
2070
1985
2041
2002
2081
2173
2225
2240
2368
2443
2498
2471
2527
2592
2685
2749
2746
2720
2668
2622
2569
2616
2575
2715
2686
2571
2487
2545
2543
2618
2666
2662
2758
2784
2831
2786
2790
2708
2839
2825
2782
2830
2849
2789
2838
2907
2845
2890
2785
2681
2651
2665
2649
2696
2753
2714
2690
2559
2532
2548
2505
2484
2452
2390
2405
2436
2466
2526
2563
2566
2482
2422
2418
2333
2316
2326
2305
2269
2265
2244
2205
2191
2209
2148
2090
2131
2012
1927
1887
1847
1799
1746
1653
1614
1641
1677
1712
1821
1826
1827
1865
1832
1851
1988
1932
2031
2050
2105
2091
2164
2181
2235
2236
2293
2198
2138
2118
2123
2124
2203
2286
2234
2218
2214
2104
2161
1947
1951
1897
1875
1805
1790
1837
1751
1659
1603
1601
1596
1561
1669
1707
1729
1764
1761
1740
1686
1796
1774
1736
1717
1663
1545
1464
1438
1512
1553
1522
1534
1593
1666
1721
1705
1779
1880
1910
1958
1993
2063
2062
2026
1977
1905
1859
1840
1791
1718
1679
1696
1747
1642
1615
1599
1670
1597
1517
1548
1466
1420
1383
1363
1326
1339
1313
1267
1248
1392
1387
1366
1451
1491
1535
1538
1473
1415
1476
1527
1582
1638
1676
1772
1755
1823
1802
1710
1634
1631
1260
1046
953
972
1048
1030
928
1044
1081
1041
1075
995
989
985
951
937
1049
1023
838
796
751
738
709
677
655
641
561
519
494
514
474
487
553
544
616
652
723
682
626
595
582
500
447
391
368
345
316
273
275
334
311
324
360
396
352
306
327
292
270
236
210
189
221
233
245
272
251
291
350
314
365
416
429
476
438
397
492
528
515
560
638
608
679
710
730
743
763
813
832
875
892
909
887
927
842
804
800
901
1016
1057
1072
1028
996
955
897
849
799
727
748
703
681
744
732
658
656
589
575
633
523
501
450
564
562
461
459
512
539
503
485
426
439
398
377
351
325
271
293
308
329
354
356
388
406
374
313
301
344
339
456
489
546
563
628
650
586
552
525
470
449
384
394
319
299
312
277
248
243
226
201
169
171
155
122
133
120
141
157
176
188
179
173
166
182
190
209
220
244
263
240
195
163
162
145
170
158
150
149
135
125
87
98
117
127
110
94
71
78
104
97
84
67
57
49
37
36
15
4
3
0
12
9
11
6
13
40
52
46
34
33
22
24
60
82
111
102
121
107
103
74
93
79
80
76
72
95
119
109
152
154
156
129
143
148
126
115
83
62
35
23
41
58
56
68
92
70
59
75
88
105
118
140
151
153
160
159
185
213
227
247
246
235
224
212
217
216
206
203
187
193
215
241
264
262
295
342
338
259
225
219
191
165
164
181
204
222
223
256
257
290
298
266
331
390
401
445
466
422
370
347
376
425
455
412
415
488
526
543
507
524
584
631
605
635
640
479
490
550
535
585
511
458
505
472
411
395
424
393
392
380
330
309
284
318
310
336
337
341
307
280
294
278
239
253
265
355
419
366
420
403
434
448
359
410
475
432
418
315
282
300
321
369
373
421
436
446
478
559
637
613
614
598
597
537
484
469
499
520
642
670
716
757
821
939
979
964
889
827
747
663
673
737
792
770
798
820
802
774
773
678
715
702
646
686
676
617
542
603
572
548
498
534
536
506
486
427
378
302
289
268
249
229
255
242
252
279
305
250
230
238
237
269
207
200
183
184
194
177
146
139
131
112
96
100
89
81
65
50
42
30
38
28
14
19
25
39
45
32
21
17
8
20
31
43
61
113
101
114
124
106
142
134
180
197
198
211
199
174
132
136
144
137
128
99
90
86
77
66
47
53
64
69
51
44
18
16
7
5
1
10
2
26
27
29
54
48
85
73
55
63
91
116
108
130
123
147
167
214
196
205
218
192
208
178
168
138
175
161
186
172
202
232
234
231
297
261
296
328
340
363
400
441
387
389
367
333
304
274
254
287
320
372
349
409
471
453
556
657
698
729
756
844
811
830
831
873
931
943
868
900
837
785
725
795
861
918
817
779
826
857
859
967
912
983
869
975
1025
991
954
921
876
915
1004
1064
1085
1138
1193
1224
1179
1231
1161
1164
1110
1128
1114
1116
1135
1080
1077
1014
1061
1092
1160
1126
1216
1203
1148
1238
1312
1298
1280
1307
1371
1350
1414
1401
1443
1418
1511
1505
1453
1489
1361
1365
1263
1257
1256
1171
1254
1356
1334
1351
1299
1282
1266
1297
1340
1289
1319
1381
1423
1406
1386
1430
1490
1532
1530
1526
1543
1506
1468
1427
1408
1433
1412
1399
1472
1460
1459
1378
1300
1234
1149
1151
1090
1012
1009
1029
1124
1158
1277
1212
1139
1174
1130
1169
1088
1060
1065
1033
950
946
962
976
925
864
851
803
807
885
872
896
936
1026
922
852
848
815
793
768
691
712
666
620
579
517
554
615
604
687
734
721
776
760
714
741
736
692
718
731
787
880
886
824
777
846
947
874
980
1027
1104
1133
1384
1421
1375
1379
1316
1293
1279
1281
1196
1176
1107
1210
1184
1217
1200
1084
1159
1177
1172
1227
1278
1398
1474
1524
1552
1585
1664
1680
1720
1777
1806
1862
1900
1829
1765
1744
1782
1814
1817
1871
1852
1858
1891
1895
1866
1687
1628
1589
1622
1719
1762
1870
1913
1994
1953
1990
2064
2020
2042
2074
2093
2185
2119
2188
2192
2245
2288
2322
2354
2299
2334
2256
2165
2179
2132
2145
1996
1986
1934
1959
1981
1992
2051
2004
1969
1921
1915
1868
1800
1834
1872
1835
1788
1752
1748
1725
1654
1636
1519
1469
1425
1445
1358
1317
1314
1400
1376
1393
1417
1457
1513
1480
1547
1576
1629
1702
1811
1844
1911
1954
2006
2065
2046
1975
1989
1963
2035
2080
2120
2174
2242
2321
2301
2271
2274
2329
2417
2407
2462
2473
2516
2577
2555
2439
2455
2508
2609
2624
2747
2687
2763
2727
2626
2660
2779
2754
2857
2862
2870
2996
2979
2873
2846
2878
2915
2987
2972
3026
3100
3116
3146
3159
3157
3095
3092
3068
3062
3138
3206
3249
3310
3363
3402
3428
3339
3382
3321
3274
3262
3221
3119
3177
3253
3225
3268
3294
3311
3368
3367
3316
3404
3372
3407
3438
3456
3515
3561
3578
3559
3495
3555
3537
3488
3463
3500
3518
3648
3626
3668
3642
3658
3583
3579
3528
3492
3450
3360
3230
3198
3147
3076
3043
3010
3081
3204
3188
3142
3056
3037
2968
2973
3033
3017
2963
2932
2879
2833
2847
2909
2924
2908
2859
2780
2767
2770
2702
2652
2621
2520
2488
2413
2373
2371
2450
2400
2445
2475
2459
2509
2456
2343
2289
2272
2290
2278
2349
2239
2186
2149
2129
2032
1914
1849
1888
1860
1841
1792
1757
1775
1667
1571
1586
1583
1581
1693
1673
1763
1797
1830
1828
1898
1979
1976
2043
2061
2097
2121
2077
2036
2001
2034
2071
2150
2187
2223
2300
2426
2414
2409
2517
2448
2381
2331
2336
2279
2215
2210
2147
2268
2361
2232
2323
2201
2084
2067
2101
2054
1997
1935
1916
1937
1904
1876
1836
1822
1714
1737
1665
1662
1605
1570
1525
1461
1394
1419
1403
1483
1529
1591
1651
1612
1564
1507
1509
1470
1502
1428
1397
1296
1261
1194
1197
1218
1285
1235
1185
1207
1131
1115
1165
1147
1145
1125
1122
1140
1190
1225
1291
1290
1286
1221
1168
1152
1136
1093
1066
1034
986
910
894
825
758
905
998
1050
1052
1087
1162
1096
1170
1078
1236
1301
1226
1258
1270
1324
1382
1377
1330
1247
1183
1103
1073
1037
977
1017
965
930
916
987
969
898
850
781
750
726
683
647
596
659
745
590
653
706
722
764
834
769
711
808
853
881
902
992
933
1020
1032
944
913
828
790
822
759
739
694
665
621
643
565
521
482
435
371
375
322
288
267
283
285
346
381
477
547
578
606
587
651
672
648
611
639
607
570
599
690
644
660
610
545
531
516
576
699
696
755
762
684
746
783
860
899
973
938
1024
978
908
805
865
695
668
719
809
911
948
981
1003
988
934
919
829
749
782
847
819
879
882
974
957
970
1035
1038
1155
1191
1153
1055
1042
1109
1069
1198
1327
1304
1272
1253
1208
1353
1369
1413
1178
1120
1095
1079
1083
1106
1156
1228
1244
1180
1099
1111
1359
1416
1497
1544
1607
1619
1604
1567
1613
1549
1494
1487
1446
1405
1477
1320
1269
1223
1233
1204
1150
1182
1283
1357
1310
1328
1348
1496
1431
1467
1447
1404
1481
1354
1335
1315
1321
1273
1211
1058
963
966
845
855
866
839
752
707
724
814
843
883
926
1015
961
893
917
968
1021
956
1005
1071
1101
1181
1245
1345
1388
1435
1454
1508
1557
1541
1578
1655
1767
1668
1683
1630
1492
1448
1516
1559
1620
1644
1713
1716
1919
1945
2019
1952
1901
1850
1925
1999
1874
1785
1715
1711
1661
1584
1624
1572
1574
1520
1563
1598
1611
1627
1682
1808
1839
1878
1944
2022
2122
2140
2094
2058
2183
2184
2055
2033
2009
1982
2047
2096
2170
2171
2139
2193
2109
2085
2098
2143
2160
2230
2357
2410
2453
2463
2441
2396
2367
2298
2196
2221
2154
2016
1987
1966
1972
1978
2052
2029
2011
1984
1939
1928
1894
1889
1769
1818
1885
1848
1845
1864
1861
1890
1886
1804
1803
1695
1658
1542
1558
1587
1649
1700
1780
1657
1708
1671
1610
1590
1531
1449
1364
1318
1355
1309
1305
1390
1411
1370
1343
1325
1274
1241
1141
1213
1144
1102
1040
940
884
890
929
984
1062
1121
1195
1157
1246
1047
1097
952
735
780
778
812
810
775
713
701
720
704
662
627
624
557
518
497
463
404
382
335
361
408
428
473
460
417
443
480
522
504
568
649
688
623
717
593
532
508
467
567
566
629
600
555
588
654
667
753
801
797
863
993
1036
1008
1053
1112
1134
1108
1188
1239
1229
1294
1268
1362
1322
1402
1463
1475
1510
1539
1521
1429
1349
1389
1346
1262
1259
1271
1250
1230
1118
1076
1043
999
958
891
867
959
941
1013
1091
1137
1105
1089
1039
1113
1070
1100
1022
932
990
754
818
833
788
705
765
689
645
612
573
551
580
491
464
451
405
332
281
228
260
258
276
317
353
362
413
493
496
444
465
558
618
574
527
483
452
481
533
583
661
495
431
430
343
303
379
440
414
358
323
286
357
423
468
540
602
675
740
625
502
601
674
708
895
786
789
761
923
862
794
766
784
870
907
1001
1063
1002
1006
935
806
697
700
622
592
591
577
513
462
433
402
386
364
326
348
383
385
407
454
457
509
571
636
632
581
569
671
942
997
1054
1132
1206
1251
1173
1214
1215
1292
1385
1488
1575
1588
1678
1771
1731
1691
1635
1637
1616
1566
1482
1455
1380
1352
1232
1199
1146
1098
1142
1276
1409
1424
1486
1515
1442
1458
1456
1452
1329
1332
1338
1222
1220
1129
1019
1127
1201
1242
1275
1175
1209
1154
1094
1056
1074
1123
1202
1167
1252
1302
1395
1503
1595
1577
1685
1681
1739
1794
1733
1753
1618
1675
1692
1600
1540
1495
1556
1573
1499
1479
1391
1333
1308
1372
1347
1264
1240
1342
1303
1360
1450
1500
1465
1498
1440
1288
1187
1117
1059
1018
1045
960
945
994
924
878
877
836
835
816
856
791
772
693
664
634
619
530
529
538
510
437
399
442
594
685
669
630
541
549
609
733
742
771
841
854
906
971
904
920
1068
949
1007
1051
1011
1031
1067
982
888
823
767
680
728
914
858
840
903
871
1000
1010
1086
1166
1163
1186
1082
1119
1143
1306
1295
1192
1189
1255
1287
1249
1311
1337
1341
1426
1432
1436
1374
1441
1336
1284
1219
1205
1237
1323
1422
1485
1546
1608
1594
1650
1652
1727
1745
1738
1809
1867
1908
1955
1970
2017
2276
2296
2226
2142
2082
2087
2007
2053
2072
2110
2190
2212
2291
2360
2376
2415
2483
2570
2633
2561
2478
2460
2497
2551
2595
2537
2603
2579
2679
2684
2625
2724
2775
2759
2806
2734
2692
2628
2576
2499
2503
2489
2434
2402
2338
2303
2309
2247
2194
2136
2107
2048
2083
2155
2199
2259
2281
2319
2366
2397
2469
2589
2638
2650
2614
2596
2474
2440
2394
2237
2277
2332
2446
2518
2425
2260
2325
2251
2217
2133
2111
2115
2117
2038
1967
1946
1907
1933
1961
1962
1855
1892
1786
1735
1621
1674
1783
1819
1869
1798
1741
1706
1568
1523
1579
1536
1592
1528
1478
1439
1471
1551
1569
1602
1646
1759
1756
1754
1838
1856
1833
1770
1723
1672
1684
1760
1789
1842
1902
1924
1998
2010
2088
2206
2144
2025
1929
1857
1936
2039
2015
2130
2030
1912
1831
1843
1810
1701
1648
1697
1773
1784
1728
1846
1926
1956
1995
1909
1896
1825
1903
1930
1968
1941
1918
1922
1906
1787
1807
1778
1781
1743
1709
1633
1550
1625
1698
1750
1816
1879
1742
1940
1920
2024
1973
2005
1957
1882
1942
1950
2049
2127
2056
2023
2059
2100
2103
2112
2176
2195
2310
2346
2335
2257
2167
2114
2040
2045
1949
2099
2241
2261
2339
2454
2511
2504
2533
2464
2419
2461
2494
2590
2712
2765
2642
2574
2580
2552
2549
2435
2372
2227
2282
2137
2162
2178
2287
2248
2207
2060
2116
2213
2249
2307
2377
2492
2470
2553
2591
2539
2465
2399
2292
2224
2353
2429
2490
2486
2547
2550
2457
2379
2328
2369
2500
2442
2513
2597
2562
2602
2648
2697
2701
2744
2877
2827
2824
2793
2751
2710
2670
2664
2736
2689
2673
2725
2855
2880
2929
3018
2995
3015
3011
2937
2923
2817
2582
2534
2514
2560
2447
2404
2340
2320
2317
2315
2254
2252
2197
2258
2243
2177
2146
2069
2172
2141
2078
2073
2134
2128
2267
2523
2558
2644
2695
2719
2756
2863
2840
2818
2835
2814
2894
2941
2999
2947
3036
3078
3145
3160
3176
3171
3141
3091
3048
2888
2808
2698
2716
2713
2856
2897
2967
3000
3053
2986
2975
2951
3114
3220
3252
3337
3303
3242
3185
3281
3300
3335
3375
3374
3352
3419
3400
3356
3373
3418
3448
3494
3589
3532
3638
3679
3735
3766
3793
3832
3847
3870
3906
3837
3900
3984
3904
3916
3991
3976
4024
4042
3983
3960
3947
3937
3874
3890
3907
3814
3785
3760
3726
3631
3639
3682
3804
3797
3796
3855
3913
3876
3817
3764
3686
3608
3534
3443
3320
3183
3118
3163
3292
3295
3195
3299
3236
3239
3255
3398
3349
3549
3544
3574
3697
3743
3754
3709
3632
3588
3424
3340
3304
3196
3260
3112
3007
3059
3012
2956
2964
2918
2985
3071
3111
3090
2998
3052
3055
3187
3293
3210
3247
3213
3238
3215
3273
3323
3384
3362
3445
3370
3568
3541
3617
3493
3467
3439
3531
3366
3491
3565
3601
3590
3540
3580
3595
3597
3479
3464
3505
3501
3442
3343
3379
3423
3453
3420
3396
3287
3298
3315
3312
3309
3203
3241
3207
3152
3106
3064
3110
3097
3130
3199
3233
3296
3250
3319
3416
3436
3421
3409
3473
3472
3516
3498
3573
3624
3660
3661
3563
3521
3585
3652
3653
3711
3663
3704
3720
3751
3739
3795
3848
3790
3830
3787
3758
3672
3655
3616
3558
3567
3629
3723
3722
3749
3768
3807
3899
3858
3852
3861
3918
