3382
3339
3274
3177
3119
3138
3221
3206
3262
3310
3363
3402
3428
3456
3438
3407
3404
3372
3316
3294
3367
3368
3311
3360
3353
3284
3209
2921
2990
3029
3103
3079
3084
2936
2984
3102
3172
3140
3136
3040
3117
3227
3214
2954
2962
2927
2804
2760
2623
2688
2794
2866
2848
2867
2875
2958
3186
3325
3267
3222
3218
3276
3290
3088
3302
3354
3182
3244
3408
3461
3475
3487
3506
3538
3433
3369
3347
3277
3030
3170
3192
2619
2653
2721
2732
2564
2627
2600
2643
2496
2501
2485
2427
2323
2318
2370
2401
2345
2383
2378
2438
2432
2535
2606
2635
2705
2723
2816
2800
2717
2953
3019
3070
2946
2891
2994
2886
3155
3205
3063
2828
3258
3254
3278
3333
3376
3449
3490
3556
3508
3513
3572
3623
3633
3665
3670
3643
3591
3546
3499
3497
3469
3466
3527
3489
3524
3504
3519
3533
3564
3584
3569
3613
3647
3689
3734
3745
3775
3813
3840
3893
3843
3950
3978
4124
4095
4127
4174
4197
4206
4184
4159
4170
4194
4275
4233
4232
4193
4150
4158
4163
4196
4207
4262
4244
4237
4272
4292
4270
4276
4274
4304
4296
4254
4240
4225
4213
4212
4191
4164
4129
4066
4076
4030
3997
4049
4093
4060
4018
3992
4035
3963
3935
3892
3768
3807
3861
3858
3899
3970
3982
3987
3990
4046
4089
4087
4114
4152
4167
4201
4189
4154
4128
4118
4079
4073
4102
4113
4085
4057
4032
3986
3915
3898
3924
3981
4023
3951
3946
3918
3852
3787
3758
3830
3790
3751
3739
3795
3848
3711
3652
3653
3636
3603
3592
3512
3514
3471
3441
3401
3326
3341
3342
3431
3434
3395
3348
3318
3259
3226
3251
3297
3313
3279
3264
3189
3174
3129
3115
3074
3006
3057
3054
3089
3166
3150
3085
3104
3269
3473
3472
3516
3521
3563
3585
3663
3661
3720
3704
3624
3660
3655
3573
3498
3421
3436
3409
3322
3240
3180
3144
3148
3060
2991
2989
3038
3058
3128
3109
3005
2901
2853
2850
2943
2813
2842
2903
2974
3045
2992
3051
3086
3126
3169
3233
3250
3296
3319
3416
3442
3343
3379
3423
3453
3420
3491
3565
3540
3601
3590
3580
3501
3505
3464
3479
3558
3567
3616
3672
3595
3597
3629
3723
3749
3722
3762
3718
3676
3730
3786
3800
3810
3808
3778
3750
3725
3664
3821
3884
3863
3930
3958
3972
3903
3845
3867
3939
3936
3966
4036
4000
4067
4074
4040
3926
3973
3917
3850
3885
3827
3828
3805
3816
3770
3732
3715
3594
3656
3607
3568
3617
3541
3531
3439
3493
3467
3370
3299
3236
3295
3273
3239
3323
3384
3398
3440
3451
3405
3187
3210
3247
3090
3123
3183
3132
3196
3007
2876
2889
2960
3014
3065
3107
3112
3190
3270
3331
3208
3245
3121
3164
3080
2977
2884
2904
3023
3098
3072
3066
3153
3191
3197
3305
3358
3388
3412
3392
3417
3507
3465
3429
3425
3480
3399
3393
3446
3486
3522
3536
3630
3586
3694
3677
3620
3637
3547
3535
3581
3598
3553
3760
3574
3588
3632
3709
3754
3785
3817
3876
3913
3855
3871
3943
3931
3989
4014
4050
4101
4151
4138
4048
4047
3993
3933
3968
3912
3819
3782
3724
3662
3611
3625
3550
3445
3476
3485
3462
3362
3292
3349
3320
3255
3163
3118
3071
2985
3111
3215
3238
3213
3293
3304
3260
3334
3351
3340
3424
3443
3478
3468
3509
3529
3604
3634
3631
3650
3726
3746
3731
3639
3682
3688
3700
3788
3844
3804
3824
3797
3796
3740
3764
3686
3608
3534
3549
3544
3697
3743
3814
3872
3960
3907
3890
3874
3947
3937
4028
4001
4080
4121
4110
4108
4019
4006
4068
4104
4051
3983
3941
4042
4024
3976
3991
3984
3900
3904
3916
3877
3835
3791
3737
3701
3747
3772
3822
3780
3779
3765
3705
3644
3605
3654
3678
3712
3906
3837
3870
3832
3847
3793
3766
3735
3679
3638
3589
3532
3458
3427
3389
3361
3380
3494
3448
3418
3373
3356
3400
3419
3374
3375
3352
3335
3300
3281
3185
3220
3242
3303
3337
3252
3114
3053
3000
2967
2986
2951
2975
3048
3141
3171
3176
3160
3145
3078
3036
3091
2999
2947
2941
2894
2835
2814
2818
2808
2888
2897
2856
2713
2716
2698
2644
2695
2560
2514
2558
2523
2267
2254
2252
2315
2447
2534
2582
2719
2756
2840
2937
3011
3015
2995
3018
2923
2863
2929
2880
2855
2817
2725
2673
2689
2591
2553
2492
2470
2539
2664
2736
2807
2810
2887
2861
2970
3046
3027
3162
3286
3228
3200
3151
3154
3108
3031
2940
2933
2905
2824
2751
2793
2852
2710
2670
2550
2547
2465
2399
2292
2353
2224
2207
2287
2248
2328
2379
2429
2486
2490
2457
2513
2597
2648
2697
2701
2827
2922
2919
2949
3042
3039
3113
3173
3194
3237
3314
3336
3338
3435
3447
3502
3560
3671
3609
3552
3452
3510
3483
3426
3344
3234
3248
3167
3223
3256
3216
3181
3122
3047
2993
2939
2877
2765
2712
2744
2642
2590
2552
2574
2494
2461
2435
2549
2602
2562
2442
2500
2372
2369
2282
2227
2100
2023
2059
2056
2137
2162
2178
2127
2049
2060
1942
1950
1906
1922
1918
1941
1968
1930
1903
1825
1896
1909
1956
1995
1926
2040
2114
2112
2103
2176
2195
2167
2045
1949
1843
1810
1831
1912
1936
2015
2039
1929
1857
1771
1731
1691
1616
1566
1637
1635
1648
1701
1697
1773
1784
1728
1846
1794
1733
1675
1753
1692
1709
1743
1781
1778
1807
1787
1750
1816
1882
1957
2005
2024
2141
2078
2172
2146
2177
2069
2116
2213
2249
2307
2377
2404
2340
2243
2320
2317
2258
2197
2128
2134
2073
1940
1920
1973
1879
1742
1698
1625
1498
1440
1465
1500
1450
1550
1633
1600
1556
1540
1495
1372
1342
1347
1303
1360
1288
1187
1117
1059
1018
1045
1123
1240
1264
1308
1202
1167
1074
1056
1094
1068
1007
1051
949
1019
945
960
924
994
878
877
836
856
772
693
664
634
619
530
529
510
538
437
399
442
540
468
423
357
358
323
286
303
343
379
414
440
430
431
495
533
549
481
483
452
413
362
353
317
383
348
326
276
258
228
260
281
332
433
464
405
451
491
580
551
573
612
754
818
833
765
705
689
645
592
622
591
513
462
402
386
364
385
407
454
457
509
577
636
700
697
788
871
932
1022
990
1070
1100
1143
1082
1119
1010
1000
923
903
806
840
862
935
1006
1163
1086
1166
1186
1249
1287
1311
1337
1255
1189
1192
1295
1341
1306
1374
1436
1432
1426
1536
1579
1592
1646
1754
1602
1569
1551
1528
1478
1439
1471
1385
1488
1380
1352
1251
1292
1215
1214
1173
1063
1002
1001
942
907
870
914
858
789
761
766
794
671
632
571
569
581
496
465
444
493
527
558
618
574
601
502
583
661
625
609
541
602
630
594
669
791
685
816
675
740
771
841
854
835
920
904
971
1011
1031
982
906
888
823
742
733
767
708
674
680
728
786
784
895
997
1054
1199
1146
1232
1206
1132
1098
1067
1142
1276
1222
1129
1127
1201
1220
1338
1332
1329
1242
1275
1175
1209
1154
1252
1333
1391
1302
1395
1479
1618
1681
1739
1685
1595
1577
1573
1499
1503
1452
1456
1458
1442
1515
1486
1424
1409
1455
1482
1588
1678
1789
1842
1760
1723
1684
1575
1672
1770
1833
1856
1838
1756
1759
1741
1706
1523
1568
1674
1735
1786
1783
1819
1855
1892
1970
2082
2087
2007
1955
1908
1867
1809
1738
1745
1727
1652
1594
1650
1608
1621
1546
1485
1422
1441
1336
1284
1219
1205
1237
1323
1325
1274
1241
1213
1141
1137
1091
1105
1089
1113
1039
1013
959
867
891
941
1102
1118
1076
1144
1230
1305
1343
1370
1411
1390
1355
1309
1250
1318
1271
1259
1262
1195
1157
1121
1062
1043
1040
999
958
940
884
890
929
952
984
1047
1097
1246
1349
1389
1346
1510
1475
1402
1268
1322
1362
1463
1448
1516
1559
1668
1630
1683
1716
1713
1769
1708
1620
1644
1657
1539
1521
1364
1429
1449
1531
1610
1700
1671
1649
1590
1587
1558
1542
1658
1695
1804
1803
1890
1886
1987
2053
2110
2072
2016
1966
1972
1861
1864
1978
1845
1780
1848
1885
1818
1889
2019
2170
2171
2229
2189
2356
2468
2182
2365
2089
2113
2075
2057
2014
2102
2204
2157
2220
2588
2530
2480
2519
2583
2677
2703
2706
2607
2672
2656
2594
2542
2578
2663
2729
2826
2822
3028
2898
2899
2969
3073
2928
3044
3134
3120
3179
3219
3291
3357
3327
3385
3329
3246
3137
3069
3002
2868
2773
2809
2771
2829
2902
2966
2930
2900
2858
2774
2741
2707
2669
2522
2640
2691
2629
2556
2512
2433
2392
2350
2420
2388
2302
2211
2208
2135
2152
2216
2295
2313
2327
2374
2467
2510
2493
2515
2476
2424
2384
2352
2359
2202
2125
2156
2037
2021
1948
1893
1853
2044
1877
1854
1768
1619
1690
1656
1734
1732
1824
1703
1647
1609
1462
1604
1607
1359
1353
1413
1369
1228
1269
1223
1233
1204
1150
1106
1079
1156
1178
1120
1095
1083
1099
1180
1244
1253
1208
1191
1155
1272
1304
1153
1111
1038
1035
970
919
934
988
948
1003
981
911
908
978
973
865
899
938
860
845
855
866
839
755
696
707
752
724
688
649
593
623
532
473
428
408
467
404
463
382
335
361
417
460
443
480
504
522
568
576
516
545
531
610
660
644
684
699
762
746
783
805
695
690
599
570
607
639
668
809
829
847
782
749
719
648
611
672
694
739
819
879
882
957
974
1055
1042
944
913
834
933
992
902
977
965
930
916
898
1087
1050
1052
998
905
969
987
1017
1078
1170
1183
1236
1226
1103
1073
1037
1069
1020
1032
1109
1198
1247
1301
1382
1444
1514
1623
1560
1484
1493
1537
1504
1565
1434
1407
1324
1344
1331
1373
1394
1290
1225
1291
1261
1296
1397
1428
1403
1419
1529
1662
1651
1564
1673
1470
1483
1830
1763
1836
1904
1797
1914
1979
1963
1792
1841
1975
1989
2120
2242
2035
1976
2043
2077
2034
1997
2147
2210
2215
2187
2150
2268
2232
2101
2067
2054
2036
2001
2071
2084
1971
1873
1820
1795
1766
1722
1688
1689
1714
1828
1665
1737
1591
1605
1643
1570
1461
1525
1400
1507
1502
751
723
679
710
727
748
703
681
744
894
955
1072
1028
996
927
901
897
849
799
800
804
682
638
730
626
582
595
560
515
528
391
447
500
553
616
652
677
709
738
796
838
880
980
928
947
953
874
846
851
864
885
872
776
815
793
848
768
852
922
939
821
757
712
716
642
670
663
673
597
537
598
614
613
678
715
774
857
912
967
918
861
837
785
756
729
811
844
831
830
873
943
931
868
900
1148
1126
1160
1216
1203
1238
1312
1298
1350
1371
1365
1361
1356
1334
1351
1438
1522
1534
1490
1406
1430
1386
1297
1299
1266
1282
1231
1179
1138
1193
1224
1340
1423
1543
1526
1530
1532
1593
1666
1705
1653
1799
1746
1712
1677
1641
1614
1553
1512
1464
1545
1489
1453
1505
1511
1443
1418
1401
1414
1307
1280
1263
1257
1256
1254
1135
1171
1116
1114
1128
1164
1161
1110
1085
1064
1090
1151
1149
1234
1124
1026
1009
1029
1012
979
964
1004
991
1025
1077
1080
1092
1061
983
1014
975
954
921
876
915
889
827
792
747
737
798
820
770
802
869
773
779
826
859
817
795
676
725
572
603
617
657
698
556
542
400
441
389
387
367
333
297
274
320
372
453
471
409
349
304
287
254
234
232
231
202
172
161
186
175
138
116
108
91
85
63
48
54
29
27
26
2
1
10
18
16
7
5
14
19
28
38
30
42
50
51
44
55
73
89
96
123
130
167
168
178
205
196
214
177
147
131
146
139
128
112
100
99
81
65
69
64
53
47
45
39
25
32
43
61
66
77
90
86
106
124
132
136
134
142
114
113
101
140
118
105
70
88
75
59
83
115
126
92
68
58
56
41
31
21
17
8
23
20
35
62
72
95
76
80
79
93
152
154
156
191
223
257
256
266
298
290
259
225
219
193
187
215
203
206
216
241
264
262
295
342
338
415
412
455
488
543
635
692
631
605
526
507
524
584
561
519
514
494
544
641
655
787
731
886
824
777
718
736
741
803
807
760
714
640
734
721
687
691
666
615
604
585
505
550
535
490
479
424
411
395
472
458
511
554
620
579
517
520
499
484
469
448
434
403
420
419
366
355
359
410
475
432
418
421
446
478
559
637
702
686
646
548
498
534
536
506
486
427
436
373
378
363
340
328
296
261
229
192
208
218
242
255
289
268
249
302
321
369
300
315
279
282
252
250
305
269
237
238
230
194
184
207
200
183
137
144
174
180
197
198
199
211
265
253
239
278
294
307
280
341
337
393
392
380
330
309
284
310
318
336
246
247
213
185
212
235
217
224
227
159
160
153
151
148
143
129
119
109
107
103
121
102
82
60
74
40
52
46
34
33
13
6
11
9
12
0
3
4
15
36
37
24
22
71
49
57
67
84
97
122
133
120
141
157
179
251
221
272
233
210
245
273
311
275
334
360
396
487
474
401
445
466
422
425
376
347
370
390
331
352
327
306
324
292
270
244
220
195
240
263
222
204
181
165
164
163
162
170
145
111
110
94
87
104
78
98
127
117
125
135
149
150
190
236
209
158
182
166
173
189
188
176
171
155
169
201
226
243
248
277
299
319
384
397
350
312
291
314
365
316
345
368
476
416
429
438
492
552
586
608
743
763
832
875
985
937
909
892
951
813
842
887
650
628
563
525
470
449
394
344
339
313
301
374
406
450
523
501
564
562
596
647
781
850
745
808
853
881
711
769
706
722
764
790
828
822
759
643
565
547
578
621
665
606
651
587
477
482
521
503
485
439
398
377
351
325
322
375
426
435
381
371
346
283
285
267
288
271
293
308
329
354
356
388
461
459
539
512
590
653
659
683
750
726
633
456
489
546
575
589
658
656
732
758
825
910
986
1034
1066
1093
1122
1194
1140
1190
1136
1152
1168
1221
1286
1265
1243
1162
1096
1258
1270
1410
1437
1330
1377
1367
1327
1368
1396
1518
1533
1501
1544
1416
1497
1567
1613
1405
1320
1310
1283
1182
1024
966
963
1058
1101
1071
1005
917
956
893
814
717
667
654
629
600
588
555
508
566
567
497
518
557
624
627
662
704
720
701
713
775
810
812
778
780
735
797
863
801
753
843
883
926
1008
993
1036
1112
1053
961
1015
968
1021
1108
1134
1188
1239
1294
1229
1181
1245
1345
1388
1335
1354
1315
1211
1273
1321
1404
1447
1467
1520
1563
1598
1640
1611
1682
1627
1624
1572
1481
1584
1715
1711
1850
1925
1874
1785
1839
1878
1931
1726
1808
1815
1923
2027
2066
2140
2183
2184
2280
2314
2472
2375
2506
2477
2678
2730
2781
2646
2540
2524
2395
2233
2275
2306
2412
2421
2481
2557
2525
2491
2453
2608
2657
2731
2733
2843
2805
2795
2762
2636
2634
2632
2568
2565
2599
2676
2750
2755
2722
2654
2570
2764
2797
2796
2896
2819
2834
2914
2945
2976
3041
3022
3003
2912
2910
2959
2955
3087
3175
3195
3203
3207
3152
3106
3064
3110
3021
3008
3097
3130
3199
3287
3396
3298
3315
3366
3312
3309
3241
3101
3082
3050
2981
2872
2881
2801
2798
2854
2917
2931
2775
2724
2684
2489
2434
2366
2319
2281
2259
2199
2155
2117
2083
2048
2107
2136
2194
2303
2338
2402
2309
2247
2499
2603
2503
2537
2478
2415
2376
2360
2410
2357
2441
2396
2291
2212
2190
2226
2142
2017
1962
1961
1933
1869
1798
1907
1946
1967
2038
2115
2111
2133
2088
2010
1998
1924
1902
2025
2144
2206
2217
2251
2325
2397
2650
2589
2440
2614
2596
2474
2394
2454
2511
2641
2693
2735
2694
2802
2737
2638
2740
2832
2893
2851
2964
3055
2998
3052
3012
3059
2956
2799
2791
2788
2743
2783
2700
2655
2639
2585
2605
2504
2580
2533
2464
2419
2346
2310
2257
2241
2261
2335
2339
2099
2030
2130
2237
2277
2332
2260
2425
2446
2518
2469
2576
2579
2628
2692
2734
2777
2918
2823
2883
2806
2759
2679
2551
2460
2276
2296
2497
2561
2595
2625
2768
2633
2483
2610
2613
2538
2463
2367
2298
2221
2196
2154
2098
2085
2052
2029
2143
2230
2160
2324
2408
2598
2617
2581
2682
2748
2752
2718
2772
2892
2869
2841
2611
2671
2742
2812
2871
2980
2944
2916
2948
2950
2792
2821
2647
2601
2546
2544
2502
2451
2386
2337
2284
2364
2122
2022
1944
2058
2094
2055
1999
2033
2009
1982
2047
2096
2139
2297
2351
2330
2193
2109
2011
1984
1939
1928
1919
1894
1945
1952
1901
1767
1661
1655
1578
1492
1435
1454
1508
1541
1557
1574
1431
1496
1348
1328
1357
1477
1446
1487
1494
1549
1813
1699
1730
1694
1645
1606
1555
1626
1704
1793
1863
1899
1943
1980
1917
2028
1964
2003
1991
2068
2126
2106
2180
2253
2201
2219
2151
2000
1938
1983
1884
1881
1812
1724
1632
1562
1580
1554
1617
1660
1639
1749
1776
1758
1883
1916
1937
1935
1822
1801
1876
2061
2121
2097
2223
2426
2409
2414
2381
2186
2531
2149
2032
1898
1849
1888
1860
1757
1775
1915
1811
1844
1911
1954
2006
2008
1960
2013
1969
1868
1834
1800
1748
1725
1654
1636
1576
1667
1702
1629
1547
1571
1417
1509
1480
1581
1583
1586
1693
1612
1513
1457
1376
1393
1314
1285
1197
1207
1278
1375
1379
1316
1384
1421
1664
1720
1777
1900
1862
1829
1806
1788
1835
1921
1872
1752
1680
1585
1552
1524
1474
1398
1469
1519
1425
1445
1358
1317
1218
1235
1165
1145
1125
1147
1185
1115
1131
1057
1172
1016
989
1023
995
1027
1049
1084
1159
1177
1227
1200
1217
1184
1210
1133
1104
1075
1030
1041
1081
1044
1107
1046
1048
1088
972
925
976
962
946
896
936
950
1033
1065
1060
1139
1158
1212
1174
1169
1130
1281
1248
1196
1176
1293
1260
1279
1366
1387
1451
1491
1535
1538
1582
1527
1476
1473
1415
1392
1313
1267
1339
1383
1466
1420
1363
1326
1277
1300
1289
1319
1381
1378
1459
1460
1472
1506
1433
1412
1399
1408
1427
1468
1517
1548
1589
1622
1628
1687
1670
1597
1599
1615
1642
1696
1679
1718
1721
1779
1847
1887
1927
1958
1993
1910
1880
1977
2002
2041
1905
1859
1840
1791
1870
1747
1762
1755
1719
1823
1866
1895
1858
1891
1802
1772
1710
1676
1638
1631
1634
1744
1765
1782
1814
1817
1852
1871
1992
1981
1934
1959
1986
1996
2004
2051
2231
2262
2266
2250
2270
2273
2256
2294
2185
2188
2064
2119
2165
2179
2132
2093
2074
2042
2020
1990
1913
1953
1994
1985
2070
2108
2192
2245
2288
2308
2311
2344
2347
2368
2443
2471
2416
2431
2411
2391
2322
2354
2299
2334
2382
2406
2528
2495
2479
2444
2449
2569
2616
2575
2572
2686
2708
2973
2660
2662
2870
2862
2846
2831
2618
2659
2715
2720
2668
2622
2592
2527
2559
2498
2532
2548
2505
2484
2452
2390
2405
2436
2466
2536
2526
2593
2615
2631
2563
2566
2620
2586
2507
2428
2422
2482
2387
2418
2326
2316
2333
2222
2158
2235
2264
2304
2138
2203
2286
2234
2214
2218
2161
2104
2124
2123
2118
2198
2293
2398
2385
2236
2164
2091
1947
1951
1897
1875
1805
1790
1837
1832
1988
1851
1761
1764
1729
1751
1659
1601
1603
1561
1596
1707
1796
1669
1740
1686
1663
1736
1717
1774
1821
1865
1826
1827
1932
2086
1974
1965
2012
2090
2131
2063
2062
2026
2081
2173
2153
2255
2225
2240
2244
2205
2265
2305
2269
2191
2209
2148
2092
2076
2018
2079
2050
2031
2105
2181
2263
2228
2285
2363
2393
2341
2355
2403
2430
2529
2554
2658
2704
2726
2776
2787
2739
2811
2844
2769
2757
2680
2699
2674
2728
2778
2820
2906
2971
2934
3034
3093
3075
3024
3009
2952
2957
2925
2983
2988
3035
3001
3016
3061
3125
3243
3201
3135
3149
3158
3143
3067
3165
3184
3229
3306
3324
3378
3437
3481
3523
3582
3628
3554
3600
3618
3542
3511
3454
3410
3359
3328
3266
3231
3224
3211
3282
3288
3377
3390
3432
3539
3520
3517
3477
3470
3576
3621
3696
3771
3825
3823
3862
3881
3859
3856
3809
3752
3741
3691
3687
3721
3736
3806
3895
3922
4025
4096
4139
4144
4153
4160
4182
4202
4265
4248
4215
4200
4179
4165
4141
4103
4112
4082
4031
4053
4052
4059
4106
4077
3996
3967
4008
4017
3974
3959
3942
3882
3886
3908
3854
3818
3801
3756
3755
3693
3651
3612
3666
3673
3713
3698
3640
3659
3606
3577
3545
3530
3570
3602
3566
3551
3561
3578
3515
3559
3495
3488
3537
3555
3648
3614
3667
3710
3727
3675
3657
3645
3683
3684
3716
3776
3896
3901
3954
4029
3998
4021
4072
4119
4109
4155
4175
4198
4185
4183
4168
4145
4180
4156
4216
4218
4227
4236
4241
4287
4312
4319
4297
4284
4283
4267
4282
4266
4247
4255
4253
4230
4251
4258
4280
4323
4327
4331
4328
4344
4357
4370
4371
4393
4394
4408
4428
4420
4426
4439
4419
4416
4422
4414
4432
4442
4448
4424
4406
4407
4395
4387
4382
4363
4356
4360
4380
4389
4372
4386
4391
4405
4412
4404
4415
4423
4430
4429
4441
4444
4451
4455
4443
4436
4418
4396
4397
4385
4358
4340
4337
4347
4366
4376
4374
4369
4352
4332
4320
4293
4285
4268
4290
4318
4315
4314
4373
4361
4350
4378
4383
4388
4401
4409
4403
4410
4421
4431
4437
4447
4438
4435
4445
4446
4457
4456
4458
4459
4460
4440
4427
4411
4417
4413
4425
4433
4454
4449
4453
4452
4450
4434
4400
4399
4398
4384
4359
4392
4375
4345
4355
4339
4308
4301
4316
4326
4342
4368
4338
4353
4294
4263
4261
4242
4257
4234
4203
4169
4171
4142
4134
4116
4045
4013
3962
3851
3888
3891
3829
3846
3869
3860
3883
3887
3928
3999
3923
3897
3894
3934
3994
4061
4063
4111
4149
4186
4177
4214
4217
4226
4249
4228
4222
4208
4192
4173
4148
4140
4146
4172
4161
4135
4086
4044
4054
4015
3988
3961
3948
4007
4070
4092
4071
4097
4022
3969
3911
3878
3868
3880
3927
3971
3955
4011
4043
4099
4122
4115
4088
4090
4125
4020
4009
4016
4058
4033
4002
3945
3910
3909
3873
3841
3802
3815
3783
3820
3794
3789
3773
3826
3798
3769
3733
3699
3748
3668
3626
3642
3658
3579
3583
3518
3463
3500
3450
3492
3528
3571
3619
3674
3728
3742
3753
3792
3763
3719
3680
3641
3685
3610
3562
3503
3525
3414
3403
3387
3345
3364
3422
3496
3543
3484
3593
3575
3557
3615
3649
3596
3646
3690
3707
3729
3784
3811
3857
3905
3914
3864
3842
3761
3717
3681
3622
3635
3587
3669
3692
3812
3836
3865
3831
3853
3920
3956
3944
3889
3919
3964
4005
4055
4062
4038
4010
3980
4026
4065
4083
4094
4105
4137
4199
4224
4245
4273
4309
4307
4306
4310
4286
4252
4229
4205
4176
4120
4100
4132
4143
4181
4190
4162
4187
4223
4250
4288
4264
4278
4259
4271
4238
4235
4221
4219
4256
4269
4305
4291
4311
4298
4321
4362
4402
4390
4367
4349
4364
4335
4379
4336
4348
4354
4377
4381
4365
4334
4330
4329
4333
4346
4322
4300
4295
4277
4279
4246
4281
4303
4289
4317
4299
4313
4325
4341
4351
4343
4324
4302
4260
4239
4243
4231
4209
4188
4136
4107
4078
4037
3977
3949
3965
4004
4003
3929
3925
3940
3902
3849
3833
3875
3979
4027
4098
4131
4130
4126
4081
4064
4039
3995
3952
3932
3975
4034
4069
4091
4117
4147
4195
4204
4211
4220
4210
4178
4157
4133
4166
4123
4056
4084
4075
4012
4041
3985
3957
3953
3921
3938
3866
3879
3834
3767
3738
3706
3708
3695
3757
3799
3838
3839
3774
3703
3781
3803
3744
3714
3759
3777
3702
3627
3548
3599
3526
3394
3391
3411
3365
3457
3383
3308
3263
3161
3193
3156
3127
3077
3105
3275
3271
3317
3355
3265
3285
2978
2920
2860
2766
2803
2738
2837
2780
2767
2770
2833
2747
2779
2727
2687
2624
2609
2626
2508
2577
2758
2784
2555
2543
2545
2516
2473
2462
2407
2274
2163
2238
2168
2166
2095
2169
2145
2159
2200
2283
2348
2439
2455
2520
2349
2174
2456
2450
2445
2475
2488
2413
2371
2321
2400
2621
2652
2630
2541
2645
2587
2509
2336
2272
2290
2278
2239
2129
2080
2046
2065
2175
2246
2271
2301
2373
2329
2417
2423
2389
2358
2342
2312
2380
2362
2437
2458
2487
2571
2666
2754
2873
2786
2790
2878
2915
2972
2987
3026
3100
3116
3124
3168
3139
3032
3094
3131
3099
3025
3020
2907
2838
2895
2965
2942
3013
2938
2911
2885
2882
2839
2825
2782
2830
2849
2789
2746
2685
2749
2690
2753
2714
2696
2649
2665
2651
2604
2637
2683
2681
2745
2836
2865
2785
2845
2890
2913
2961
2982
3049
3083
3133
3217
3272
3350
3332
3371
3413
3444
3474
3430
3459
3460
3455
3482
3415
3346
3249
3283
3301
3406
3397
3381
3289
3307
3386
3330
3232
3235
3212
3257
3280
3261
3202
3178
3146
3157
3159
3095
3092
3068
3062
2996
2979
3037
3081
3010
2908
2935
2997
2926
2874
2864
2815
2761
2711
2709
2584
2667
2675
2612
2573
2361
2279
2448
2521
2567
2517
2331
2300
2289
2343
2459
2661
2702
2763
2857
2847
2859
3004
3096
3076
3043
3147
3198
3230
3204
3056
2968
2963
3017
2879
2909
2924
2932
3033
3142
3188
3268
3225
3253
3321
3382
